delay: 0.09523809523809523
measurement_noise: 0.047619047619047616
model: 0.19047619047619047
u_noise: 0.047619047619047616
u_responsiveness: 0.6190476190476191
