I1: 0.02671076499939512
I2: 0.053878129629650884
Ir: 0.0
b1: 0.0
b2: 0.0
cf1: 0.0
cf2: 0.0
g: 9.81
gr: 6.0
l1: 0.2
l2: 0.3
m1: 0.6416937799349799
m2: 0.563935954099688
r1: 0.2
r2: 0.3212669909674605
tl1: 0.0
tl2: 5.0
