cfric1: 0.0
cfric2: 0.0
com1: 0.3
com2: 0.1828718132050958
damping1: 0.0
damping2: 0.0
dt: 0.001
goal1: 3.141592653589793
goal2: 0.0
goal3: 0.0
goal4: 0.0
gravity: 9.81
horizon: 100
inertia1: 0.053450262258304355
inertia2: 0.024210710672023246
length1: 0.3
length2: 0.2
mass1: 0.5476215952387185
mass2: 0.5978621372377623
max_t: 5.998
num_break: 40
torque_limit1: 5.0
torque_limit2: 0.0
