I1: 0.05472
I2: 0.02522
Ir: 0.000060719
b1: 0.081
b2: 0.0
cf1: 0.093
cf2: 0.186
g: 9.81
gr: 6.0
l1: 0.3
l2: 0.2
m1: 0.608
m2: 0.630
r1: 0.275
r2: 0.166
tl1: 10.0
tl2: 10.0
