delay: 0.9047619047619048
measurement_noise: 0.9047619047619048
model: 0.4523809523809524
u_noise: 1.0
u_responsiveness: 1.0
