delay: 0.19047619047619047
measurement_noise: 0.09523809523809523
model: 0.10952380952380952
u_noise: 0.09523809523809523
u_responsiveness: 0.09523809523809523
