I1: 0.02671076499939512
I2: 0.053878129629650884
Ir: 9.937281205437459e-05
b1: 0.001
b2: 0.001
cf1: 0.093
cf2: 0.078
g: 9.81
gr: 6.0
l1: 0.2
l2: 0.3
m1: 0.6416937799349799
m2: 0.563935954099688
r1: 0.2
r2: 0.3212669909674605
tl1: 10.0
tl2: 10.0
