I1: 0.053450262258304355
I2: 0.053450262258304355
Ir: 6.287203962819607e-05
b1: 0.011078054769767294
b2: 0.004396496974140761
cf1: 0.09284176227841016
cf2: 0.07708291842936994
g: 9.81
gr: 6.0
l1: 0.3
l2: 0.3
m1: 0.5476215952387185
m2: 0.5978621372377623
r1: 0.3
r2: 0.275
tl1: 10.0
tl2: 10.0
