I1: 0.053470810264216295
I2: 0.02392374528789766
Ir: 0.0
b1: 0.0
b2: 0.0
cf1: 0.0
cf2: 0.0
g: 9.81
gr: 6.0
l1: 0.3
l2: 0.2
m1: 0.5593806151425046
m2: 0.6043459469186889
r1: 0.3
r2: 0.18377686083653508
tl1: 5.0
tl2: 0.0
