I1: 0.031887199591513114
I2: 0.05086984812807257
Ir: 6.287203962819607e-05
b1: 0.001
b2: 0.001
cf1: 0.16
cf2: 0.12
g: 9.81
gr: 6.0
l1: 0.2
l2: 0.3
m1: 0.5234602302310271
m2: 0.6255677234174437
r1: 0.2
r2: 0.25569305436052964
tl1: 10.0
tl2: 10.0
