I1: 0.03571133360368982
I2: 0.010000000000000002
Ir: 5.1336718481407864e-05
b1: 0.049378979942464735
b2: 0.020040916031588852
cf1: 0.03314955511059797
cf2: 0.03521137546780113
g: 9.81
gr: 6.0
l1: 0.2
l2: 0.3
m1: 0.874595478947918
m2: 0.22041458616752638
r1: 0.2
r2: 0.3267491550003389
tl1: 10.0
tl2: 10.0
