I1: 0.042111626356002546
I2: 0.0510352807011669
Ir: 6.287203962819607e-05
b1: 0.003690870343196907
b2: 0.0006450852127932183
cf1: 0.17467189894350432
cf2: 0.10999997753612206
g: 9.81
gr: 6.0
l1: 0.2
l2: 0.3
m1: 0.7586436245588385
m2: 0.33693688400430855
r1: 0.2
r2: 0.4684380078598044
tl1: 10.0
tl2: 10.0
