I1: 0.053450262258304355
I2: 0.024210710672023246
Ir: 0.0
b1: 0.0
b2: 0.0
cf1: 0.0
cf2: 0.0
g: 9.81
gr: 6.0
l1: 0.3
l2: 0.2
m1: 0.5476215952387185
m2: 0.5978621372377623
r1: 0.3
r2: 0.1828718132050958
tl1: 0.0
tl2: 5.0
