delay: 0.6190476190476191
measurement_noise: 0.6666666666666666
model: 0.3952380952380952
u_noise: 1.0
u_responsiveness: 1.0
