I1: 0.024210710672023246
I2: 0.053450262258304355
Ir: 0.0
b1: 0.0
b2: 0.0
cf1: 0.0
cf2: 0.0
g: 9.81
gr: 6.0
l1: 0.2
l2: 0.3
m1: 0.5476215952387185
m2: 0.5978621372377623
r1: 0.2
r2: 0.275
tl1: 5.0
tl2: 0.0
