delay: 0.8571428571428571
measurement_noise: 1.0
model: 0.7238095238095238
u_noise: 1.0
u_responsiveness: 1.0
