N: 1000
break_cost_redu: 1.0e-06
com1: 0.275
com2: 0.166
coulomb_friction1: 0.0
coulomb_friction2: 0.0
damping1: 0.0
damping2: 0.0
dt: 0.005
fCen: 0.0
fCp1: 382.623819
fCp2: 7053.1559
fCv1: 58.9790058
fCv2: 90.14595
goal_pos1: 3.141592653589793
goal_pos2: 0.0
goal_vel1: 0.0
goal_vel2: 0.0
gravity: 9.81
inertia1: 0.05472
inertia2: 0.02522
integrator: runge_kutta
length1: 0.3
length2: 0.4
mass1: 0.608
mass2: 0.63
max_iter: 2000
max_regu: 1000000.0
min_regu: 0.01
regu_init: 100
sCen: 0.0
sCp1: 0.0206969312
sCp2: 0.0769967729
sCu1: 0.0997938814
sCu2: 0.0997938814
sCv1: 0.000155726136
sCv2: 0.00542226523
start_pos1: 0.0
start_pos2: 0.0
start_vel1: 0.0
start_vel2: 0.0
t_final: 5.0
torque_limit1: 0.0
torque_limit2: 4.0
