I1: 0.047501752876886474
I2: 0.07977851452810676
Ir: 8.823237128204706e-05
b1: 0.004999999999999999
b2: 0.004999999999999999
cf1: 0.09299999999999999
cf2: 0.13999999999999999
g: 9.81
gr: 6.0
l1: 0.3
l2: 0.4
m1: 0.6870144235621288
m2: 0.6018697747980919
r1: 0.3
r2: 0.4150911636151641
tl1: 10.0
tl2: 10.0
