delay: 0.8571428571428571
measurement_noise: 1.0
model: 0.44285714285714284
u_noise: 1.0
u_responsiveness: 1.0
