delay: 0.3333333333333333
measurement_noise: 1.0
model: 0.10476190476190476
u_noise: 0.6190476190476191
u_responsiveness: 0.9047619047619048
