I1: 0.031887199591513114
I2: 0.05086984812807257
Ir: 0.0
b1: 0.0
b2: 0.0
cf1: 0.0
cf2: 0.0
g: 9.81
gr: 6.0
l1: 0.2
l2: 0.3
m1: 0.5234602302310271
m2: 0.6255677234174437
r1: 0.2
r2: 0.25569305436052964
tl1: 10.0
tl2: 10.0
