I1: 0.053470810264216295
I2: 0.02392374528789766
Ir: 7.659297952841183e-05
b1: 0.001
b2: 0.001
cf1: 0.093
cf2: 0.078
g: 9.81
gr: 6.0
l1: 0.3
l2: 0.2
m1: 0.5593806151425046
m2: 0.6043459469186889
r1: 0.3
r2: 0.18377686083653508
tl1: 10.0
tl2: 10.0
