I1: 0.026710760905753486
I2: 0.05387812962959988
Ir: 0.0
b1: 0.0
b2: 0.0
cf1: 0.0
cf2: 0.0
g: 9.81
gr: 6.0
l1: 0.2
l2: 0.3
m1: 0.6416936775868083
m2: 0.5639360564500752
r1: 0.2
r2: 0.32126693265850237
tl1: 5.0
tl2: 0.0
