delay: 0.19047619047619047
measurement_noise: 0.7619047619047619
model: 0.4095238095238095
u_noise: 0.9047619047619048
u_responsiveness: 0.9047619047619048
