I1: 0.05472
I2: 0.10080000000000001
Ir: 8.823237128204706e-05
b1: 0.004999999999999999
b2: 0.004999999999999999
cf1: 0.093
cf2: 0.14
g: 9.81
gr: 6.0
l1: 0.3
l2: 0.4
m1: 0.608
m2: 0.63
r1: 0.3
r2: 0.4
tl1: 10.0
tl2: 10.0
